56 0.8125 0.565625 0.2 0.0854167 0.260254
56 0.0132813 0.854167 0.0265625 0.266667 0.330566
62 0.903906 0.570833 0.192188 0.175 0.351562
60 0.4125 0.678125 0.11875 0.0729167 0.382812
0 0.575 0.651042 0.85 0.697917 0.417725
39 0.328906 0.583333 0.0203125 0.0583333 0.472168
39 0.585156 0.915625 0.214062 0.16875 0.479004
56 0.392969 0.810417 0.120312 0.229167 0.496826
62 0.034375 0.525 0.065625 0.075 0.532227
56 0.844531 0.758333 0.310937 0.375 0.565918
0 0.370313 0.5375 0.071875 0.141667 0.697266
62 0.182031 0.538542 0.0859375 0.114583 0.741699
56 0.0828125 0.894792 0.165625 0.210417 0.755859
56 0.0796875 0.745833 0.159375 0.179167 0.761719
