27 0.591406 0.914583 0.226562 0.170833 0.271729
56 0.814844 0.564583 0.195312 0.0833333 0.280029
62 0.904688 0.569792 0.190625 0.177083 0.304199
56 0.0140625 0.854167 0.028125 0.266667 0.33252
60 0.410937 0.679167 0.115625 0.0708333 0.394043
56 0.413281 0.813542 0.167187 0.227083 0.437256
56 0.845312 0.761458 0.30625 0.410417 0.481689
39 0.328906 0.583333 0.0203125 0.0583333 0.485352
0 0.573438 0.653125 0.840625 0.689583 0.495361
62 0.0335938 0.525 0.0640625 0.075 0.617676
0 0.367969 0.535417 0.0734375 0.141667 0.621094
62 0.182812 0.539583 0.084375 0.1125 0.741699
56 0.0820312 0.89375 0.164062 0.2125 0.763184
56 0.0804688 0.745833 0.160938 0.175 0.79248
