56 0.0132813 0.85625 0.0265625 0.2625 0.281494
56 0.846875 0.771875 0.3 0.40625 0.331055
62 0.903906 0.569792 0.192188 0.177083 0.347412
60 0.414844 0.679167 0.123438 0.075 0.459961
39 0.328906 0.582292 0.0203125 0.0604167 0.484863
27 0.611719 0.891667 0.251563 0.216667 0.583496
0 0.570312 0.647917 0.815625 0.7 0.586426
62 0.034375 0.525 0.065625 0.075 0.600586
56 0.39375 0.811458 0.125 0.23125 0.604492
62 0.182812 0.538542 0.0875 0.114583 0.669434
0 0.371094 0.5375 0.0703125 0.145833 0.700195
56 0.0828125 0.89375 0.165625 0.2125 0.765625
56 0.0796875 0.748958 0.159375 0.185417 0.776855
