56 0.814844 0.5625 0.195312 0.0916667 0.254883
62 0.903906 0.571875 0.192188 0.177083 0.291992
56 0.0132813 0.857292 0.0265625 0.25625 0.295166
60 0.409375 0.677083 0.1125 0.0666667 0.380859
39 0.329688 0.584375 0.021875 0.05625 0.410156
27 0.592969 0.892708 0.232812 0.214583 0.411133
56 0.845312 0.757292 0.30625 0.422917 0.422363
0 0.573438 0.654167 0.840625 0.6875 0.48877
56 0.39375 0.8125 0.121875 0.233333 0.616211
62 0.0335938 0.525 0.0640625 0.075 0.66748
0 0.36875 0.5375 0.075 0.145833 0.697754
62 0.183594 0.539583 0.0890625 0.1125 0.744141
56 0.0796875 0.744792 0.159375 0.172917 0.763672
56 0.0820312 0.89375 0.164062 0.2125 0.773438
