60 0.396094 0.679167 0.0890625 0.0666667 0.311768
56 0.0132813 0.854167 0.0265625 0.258333 0.31665
39 0.328906 0.582292 0.0203125 0.0604167 0.419434
0 0.570312 0.660417 0.840625 0.679167 0.42749
56 0.865625 0.770833 0.26875 0.425 0.467285
62 0.034375 0.525 0.0625 0.075 0.662109
0 0.371875 0.536458 0.06875 0.14375 0.672363
62 0.185156 0.538542 0.0890625 0.114583 0.752441
56 0.0828125 0.89375 0.165625 0.2125 0.769531
56 0.0796875 0.75 0.159375 0.183333 0.785645
56 0.394531 0.819792 0.117188 0.252083 0.810547
